name: poco
channels:
  - conda-forge
  - anaconda
  - defaults
dependencies:
  - _libgcc_mutex=0.1=main
  - _openmp_mutex=5.1=1_gnu
  - binutils_impl_linux-64=2.40=h5293946_0
  - bzip2=1.0.8=h5eee18b_6
  - c-ares=1.34.5=hb9d3cd8_0
  - ca-certificates=2025.6.15=hbd8a1cb_0
  - clang-18=18.1.8=default_hb5137d0_10
  - clangxx=18.1.8=default_ha78316a_10
  - cmake=4.0.3=h74e3db0_0
  - expat=2.7.0=h5888daf_0
  - icu=75.1=he02047a_0
  - kernel-headers_linux-64=3.10.0=he073ed8_18
  - keyutils=1.6.1=h166bdaf_0
  - krb5=1.21.3=h659f571_0
  - ld_impl_linux-64=2.40=h12ee557_0
  - libclang-cpp18.1=18.1.8=default_hb5137d0_10
  - libclang13=18.1.8=default_h9c6a7e4_10
  - libcurl=8.14.1=h332b0f4_0
  - libedit=3.1.20230828=h5eee18b_0
  - libev=4.33=h7f8727e_1
  - libexpat=2.7.0=h5888daf_0
  - libffi=3.4.4=h6a678d5_1
  - libgcc=15.1.0=h767d61c_3
  - libgcc-devel_linux-64=15.1.0=h4c094af_103
  - libgcc-ng=15.1.0=h69a702a_3
  - libgomp=15.1.0=h767d61c_3
  - libiconv=1.18=h4ce23a2_1
  - libllvm18=18.1.8=default_hb5137d0_5
  - liblzma=5.8.1=hb9d3cd8_2
  - liblzma-devel=5.8.1=hb9d3cd8_2
  - libnghttp2=1.64.0=h161d5f1_0
  - libnsl=2.0.1=hb9d3cd8_1
  - libsqlite=3.50.2=h6cd9bfd_0
  - libssh2=1.11.1=hcf80075_0
  - libstdcxx=15.1.0=h8f9b012_3
  - libstdcxx-devel_linux-64=15.1.0=h4c094af_103
  - libstdcxx-ng=15.1.0=h4852527_3
  - libuuid=2.38.1=h0b41bf4_0
  - libuv=1.51.0=hb9d3cd8_0
  - libxcrypt=4.4.36=hd590300_1
  - libxml2=2.14.4=hc818869_0
  - libzlib=1.3.1=hb9d3cd8_2
  - lz4-c=1.9.4=h6a678d5_1
  - ncurses=6.5=h2d0b736_3
  - openssl=3.5.1=h7b32b05_0
  - pip=24.2=py39h06a4308_0
  - python=3.9.23=hc30ae73_0_cpython
  - readline=8.2=h5eee18b_0
  - rhash=1.4.6=hb9d3cd8_1
  - setuptools=75.1.0=py39h06a4308_0
  - sqlite=3.50.2=hb7a22d2_0
  - sysroot_linux-64=2.17=h0157908_18
  - tk=8.6.13=noxft_hd72426e_102
  - tzdata=2024b=h04d1e81_0
  - wheel=0.44.0=py39h06a4308_0
  - xz=5.8.1=hbcc6ac9_2
  - xz-gpl-tools=5.8.1=hbcc6ac9_2
  - xz-tools=5.8.1=hb9d3cd8_2
  - zlib=1.3.1=hb9d3cd8_2
  - zstd=1.5.7=hb8e6e7a_2
  - pip:
      - absl-py==2.1.0
      - cached-property==2.0.1
      - cffi==1.15.1
      - clang==18.1.8
      - click==8.1.7
      - coloredlogs==15.0.1
      - haoda==0.0.20240228.dev1
      - humanfriendly==10.0
      - jinja2==3.1.4
      - libclang==18.1.1
      - markupsafe==3.0.2
      - mip==1.15.0
      - ply==3.11
      - prettytable==3.12.0
      - pycparser==2.22
      - pyverilog==1.3.0
      - pyyaml==6.0.2
      - tapa-fast-cosim==0.0.20220816.dev1
      - toposort==1.10
      - wcwidth==0.2.13
